nodes = {}; 

%4
nodes{1} = [-0.33998104358485626480266575910324468720057586977091435259295397682102003046323703447787528043555481154896023952074649321358450032
0.33998104358485626480266575910324468720057586977091435259295397682102003046323703447787528043555481154896023952074649321358450032
-0.86113631159405257522394648889280950509572537962971763761572192090652947149504886570416233988447930521057692093197817632496374384
0.86113631159405257522394648889280950509572537962971763761572192090652947149504886570416233988447930521057692093197817632496374384
];

%8
nodes{2} = [-0.18343464249564980493947614236018398066675781291297378231718847369920447422154211411606822371112335374526765876428676660891960125
0.18343464249564980493947614236018398066675781291297378231718847369920447422154211411606822371112335374526765876428676660891960125
-0.52553240991632898581773904918924634904196424312039285775085709927245482076856127252396140019363198206190968292482526085071087938
0.52553240991632898581773904918924634904196424312039285775085709927245482076856127252396140019363198206190968292482526085071087938
-0.79666647741362673959155393647583043683717173161596483207017029503921730567647309214715192729572593901919745345309730926536564949
0.79666647741362673959155393647583043683717173161596483207017029503921730567647309214715192729572593901919745345309730926536564949
-0.96028985649753623168356086856947299042823523430145203827163977737242489774341928443943895926331226831042439281729417621023895816
0.96028985649753623168356086856947299042823523430145203827163977737242489774341928443943895926331226831042439281729417621023895816
];

%16
nodes{3} = [-0.095012509837637440185319335424958063130353055689065456697219817225125298244592132984758692975783352099655391242316312448307477322
0.095012509837637440185319335424958063130353055689065456697219817225125298244592132984758692975783352099655391242316312448307477322
-0.28160355077925891323046050146049610648606949077059980054883473395592517949913077044144022915204015928433736707566767994395860823
0.28160355077925891323046050146049610648606949077059980054883473395592517949913077044144022915204015928433736707566767994395860823
-0.45801677765722738634241944298357757354003161303552349090115475094775917429029360773543552793598809325088904888025241098193783873
0.45801677765722738634241944298357757354003161303552349090115475094775917429029360773543552793598809325088904888025241098193783873
-0.61787624440264374844667176404879101899188221776565779410379735554173331775481142445691103042795850311220005692756241510769369257
0.61787624440264374844667176404879101899188221776565779410379735554173331775481142445691103042795850311220005692756241510769369257
-0.75540440835500303389510119484744226835381365645750300978175717692229686103127167772062205691924944342165392262577576789797769518
0.75540440835500303389510119484744226835381365645750300978175717692229686103127167772062205691924944342165392262577576789797769518
-0.86563120238783174388046789771239313238733538484752670810351142556776039771249055825713249436477235420382142833134146430138600299
0.86563120238783174388046789771239313238733538484752670810351142556776039771249055825713249436477235420382142833134146430138600299
-0.94457502307323257607798841553460834509113927259107260092555365206660978890268230421956572873815831894932893110090731888641095268
0.94457502307323257607798841553460834509113927259107260092555365206660978890268230421956572873815831894932893110090731888641095268
-0.98940093499164993259615417345033262742627407165764513005122390473132413721582539693853643190679818101351343585989786650825302371
0.98940093499164993259615417345033262742627407165764513005122390473132413721582539693853643190679818101351343585989786650825302371
];


%32
nodes{4} = [-0.048307665687738316234812570440502163690847251730848897167793734546368592604277877779406036591117378098828950341137579368975744636
0.048307665687738316234812570440502163690847251730848897167793734546368592604277877779406036591117378098828950341137579368975744636
-0.14447196158279649348518637359881065220384599131563555213795289382421844381645197311024067699749247139895802207584413015985789466
0.14447196158279649348518637359881065220384599131563555213795289382421844381645197311024067699749247139895802207584413015985789466
-0.23928736225213707454460320916550152060885542196025301554709609955970291330399439155535936958441478137289580719012246322601457525
0.23928736225213707454460320916550152060885542196025301554709609955970291330399439155535936958441478137289580719012246322601457525
-0.33186860228212764977991680573018799619577513680505983601822963062853768296574381698097318523127432630059435515085593778342743039
0.33186860228212764977991680573018799619577513680505983601822963062853768296574381698097318523127432630059435515085593778342743039
-0.42135127613063534536411943617242647833587728863244333054166134045571904625498373156076330556757406387398840933945746511609788795
0.42135127613063534536411943617242647833587728863244333054166134045571904625498373156076330556757406387398840933945746511609788795
-0.50689990893222939002374747437782123018028369959943546397436628097077126404787644422661902131245220479998769165968545374470479054
0.50689990893222939002374747437782123018028369959943546397436628097077126404787644422661902131245220479998769165968545374470479054
-0.58771575724076232904074547640182685845094011545442057270317884731292285866844743114081451020186617649794295107907479190237749331
0.58771575724076232904074547640182685845094011545442057270317884731292285866844743114081451020186617649794295107907479190237749331
-0.66304426693021520097511516866323836897702228596050530101708349649244617492322294043689815366119653566868203328041267429499007313
0.66304426693021520097511516866323836897702228596050530101708349649244617492322294043689815366119653566868203328041267429499007313
-0.73218211874028968038742666509126714663027048350662910082113957327038525358779772761129229898865256005590522846631331060107533383
0.73218211874028968038742666509126714663027048350662910082113957327038525358779772761129229898865256005590522846631331060107533383
-0.79448379596794240696309729897042890209547940163883545325075824497205939228164266542418789678908212283970414801266302940675781809
0.79448379596794240696309729897042890209547940163883545325075824497205939228164266542418789678908212283970414801266302940675781809
-0.84936761373256997013369300496774253895488679304975923310021959861372465614156255874188146375275499114393763577859658208891576969
0.84936761373256997013369300496774253895488679304975923310021959861372465614156255874188146375275499114393763577859658208891576969
-0.89632115576605212396530724371921226847899649679575957656361541296502497949104091734945037831676666542027053333742855228195076
0.89632115576605212396530724371921226847899649679575957656361541296502497949104091734945037831676666542027053333742855228195076
-0.93490607593773968917091913483540932552867143228283721845840373981181619471829328554188808314179277283596062804509214279888500587
0.93490607593773968917091913483540932552867143228283721845840373981181619471829328554188808314179277283596062804509214279888500587
-0.96476225558750643077381192811827496038889522044301871932201132183709952548670380082438018775622270028407409107414835199874412363
0.96476225558750643077381192811827496038889522044301871932201132183709952548670380082438018775622270028407409107414835199874412363
-0.98561151154526833540017504463090197863239571433580631821078217058203058471937559466638464855109702661153538398623646066436340217
0.98561151154526833540017504463090197863239571433580631821078217058203058471937559466638464855109702661153538398623646066436340217
-0.99726386184948156354498112866504072713853766372946115930111854578623590839174185201304566930854264164742804822009365516455106862
0.99726386184948156354498112866504072713853766372946115930111854578623590839174185201304566930854264164742804822009365516455106862];

%64
